13
0.00591716 0.00591716 0.00591716 0.00591716 0.00591716 0.00591716 0.00591716 0.00591716 0.00591716 0.00591716 0.00591716 0.00591716 0.00591716
0.00591716 0.00591716 0.00591716 0.00591716 0.00591716 0.00591716 0.00591716 0.00591716 0.00591716 0.00591716 0.00591716 0.00591716 0.00591716
0.00591716 0.00591716 0.00591716 0.00591716 0.00591716 0.00591716 0.00591716 0.00591716 0.00591716 0.00591716 0.00591716 0.00591716 0.00591716
0.00591716 0.00591716 0.00591716 0.00591716 0.00591716 0.00591716 0.00591716 0.00591716 0.00591716 0.00591716 0.00591716 0.00591716 0.00591716
0.00591716 0.00591716 0.00591716 0.00591716 0.00591716 0.00591716 0.00591716 0.00591716 0.00591716 0.00591716 0.00591716 0.00591716 0.00591716
0.00591716 0.00591716 0.00591716 0.00591716 0.00591716 0.00591716 0.00591716 0.00591716 0.00591716 0.00591716 0.00591716 0.00591716 0.00591716
0.00591716 0.00591716 0.00591716 0.00591716 0.00591716 0.00591716 0.00591716 0.00591716 0.00591716 0.00591716 0.00591716 0.00591716 0.00591716
0.00591716 0.00591716 0.00591716 0.00591716 0.00591716 0.00591716 0.00591716 0.00591716 0.00591716 0.00591716 0.00591716 0.00591716 0.00591716
0.00591716 0.00591716 0.00591716 0.00591716 0.00591716 0.00591716 0.00591716 0.00591716 0.00591716 0.00591716 0.00591716 0.00591716 0.00591716
0.00591716 0.00591716 0.00591716 0.00591716 0.00591716 0.00591716 0.00591716 0.00591716 0.00591716 0.00591716 0.00591716 0.00591716 0.00591716
0.00591716 0.00591716 0.00591716 0.00591716 0.00591716 0.00591716 0.00591716 0.00591716 0.00591716 0.00591716 0.00591716 0.00591716 0.00591716
0.00591716 0.00591716 0.00591716 0.00591716 0.00591716 0.00591716 0.00591716 0.00591716 0.00591716 0.00591716 0.00591716 0.00591716 0.00591716
0.00591716 0.00591716 0.00591716 0.00591716 0.00591716 0.00591716 0.00591716 0.00591716 0.00591716 0.00591716 0.00591716 0.00591716 0.00591716